550000
550001
550002
550003
550004
550005
550006
550007
550008
550009
550010
550012
550013
550014
550015
550040
550041
550042
550043
550044
550045
550046
550047
550048
550049
550050
550051
550052
550053
550054
550055
550056
550057
550058
550059
550060
550061
550062
550063
550064
550065
550066
550067
550068
550069
550070
550071
550072
550073
550074
550075
550076
550077
550078
550079
550080
550081
550082
550083
550084
550085
550086
550087
550088
550089
550090
550091
550093
550094
550095
550096
550097
550098
550099
550100
550101
550102
550103
550104
550105
550106
550107
550108
550109
550110
550111
550112
550113
550114
550115
550116
550117
550118
550119
550120
550121
550122
550123
550124